11. INDEX NOMINVM. 59

51151115 ΙΙ 5, 53.
Anti 15155111
Apo 055 ΙΙ, 3,
3511151151,
Α155511,2,
55.
Α1511,7,11.
Araxes IIII, 1, 143.
141551511511111, 142.
Armeniusl, 5, 35. ΙΙΙ, 6, 15.
Arretinae 1111, 8, 4.

Artacie 1111, 1, 60.

Arup' 11151111, 1, 110
3555111511, 5, 50.

13551115 ΙΙΙ, 2, 24. 3551111151,

411511151111, 1, 77.
411111, 7 4 ’
11115151, 3, 93.
1111515111, 47.
Β55511151, 2, 3.4 4,7..37 7,3
1555.ῶω5
63. 54. 5, 87 I
6, 5. 17. 57. IIII,
Β5155 ΙΙΙ, 5 3
Β511515Ι, 6, 45.
311511151111, 1, 149.
0501515111, 6, 24.
05155551111, 1, 77.
0511515 IIII 1⁷, 24. 191. 7 3
0511551151, 9, 33.
051151,1,274,6.5,1,11
ΠΙ,Ι 1,11’.
0511111151, 7, 12.
051551151113, 14.
0551511115 ΠΙ 1’, 16.
Catullus, Q. 1151551115, ΙΙΙ,6
0511511151, 3, 71.15,35.
051551, 1,13.II, l, 4. 5,.58
84. ΠΙΙ, Ι, 163.
051111151111, 3, 11. 4, 15. 5,
45333'4
0151551115 IIII 1, 73.
011115515Π1,4,86.

1,1
1.
4.'1

1,59
3113355379
11, 2, 24311Π,

1
7,

11115
15555

’ 0111511128.

0155555511111, 1, 140.
’ 01551551111, 1, 54.

011111, 2, 67. 7, 15.
01111151115111,5,24.1111,1,
0115511, 4, 55. ΗΠ, 1, 61.
Cornutus ΙΙ, 2, 9. 3, 1.
0011311, 3, 53. 4, 23.
01551ΠΙ, 1, 9.

0111511511, 3, 48.

Cu i,doII Ι, 5'7. 3, 33. 5, 107.
Oy 151, 7 13.
05111115111 4, 50.
0151151113, 34

Cyru 51111, i, 141.
011151551111, 7, 3.
11515151, 3, 79.

Decor IIII

051151, 1, 57 61. 68. 2, 15. 31.
11.,3112..3299252132.
6, 5. 55. 85.

53’103 11, 3, 11. 13133111, ’ ’

73. 6, 8. 1115115- * 1115151111,
0351151151511, 3, 27.
1115151111 3,13.
1215111151, 4, 25.

DisIH, 1, 28. 3, 38. 5, 33.

’ Eleusl, 4, 32.

ElysiusI, 3, 58. ΙΙΙ, 5, 23.
1125125011, ,2,16. 111, 2, 3.4 IIII,

· Er’ig 515 IIII, 1, 11.

2Ε15111155115111,3, 17. ,
Ε1111551151Π, 5,1.

11111151, 4, 44. 5, 35.
1515111151, 9, 34. ΙΙ, 1, 27. ΙΙΙ,
,11111515

1511115111, 3, 22. IIII, 1,182. -

Galliam HI, '1, 138.
Garonnal, 7,11.-
(ζ5131151ή, 43. ΙΙ,2,5. 11115

. 5351111, 1, 146. . ’

5333131111, 55.

. 0115111511, 5, 68. ’

0]11ἕ51151111,1,199.
555ΗΠ,1,11.
115511511151, 5, 45.

 

