Ι00 ’ 1.1101111011111111.

Η511151ΠΙΙ, 1, 146.
Η555101, 2,1521.
Η5108111151Ι, 5, 68.
8111518811, 1, 188.
Homerus IIII 11 180.
1581515111111, 108.

Icarus IIII 1, 110.

15551111, 4, 68.

Π15Π, 51, 512.

1110111115, 22.

1115185111 5, 44.
111515Π,31,ῑ115.1115111112,15.
IIII, 2, 241.

111111 3123.

Ι111501511Π1, 1, 48.

111110 Ι,3,1731ΙΠ,6, 48, ΠΙΙ,
1008115111, 2, 8. 3, 48. 4, 23. 7,
,26.,,1115101.2641,,1,Π14721
6, 5011111, 1, 130.

11110111, 3,13,1

Laestrygones ΙΙΙΙ, 1, 58.
1811, 1, 10531111. 10,
15.2.,,.,.5Π1604545,120
Latona H, 3, 23 111, 4, 72.
1510515111111 4, 29.
Lavlmum ΙΙ15,148.
1155155111, 5, 41. 48.
1151155111111 8, 38.
1155155511,13,80.111, 3,10.
1111151ΠΙ, 6, 1.18,

Liger I, 7, 12.

1111011511, 8, 62.

1001115111, 4, 13.

11111151, 8, 21. ΙΙ, 4, 18. III,4,
1115111111
1511111113,121811.11,11 1,188.
· 1051111111.
Magy1118’11'11, 1, 146.
1111110111, 61214511, 6, 37.
1551551511, 4, 818 ,48 71.
Μ51011111111, 6158.
Μ5101155111111, 1, 57.
1151151151 11 151157.

115111, 10, 30. H, 5, 51. ΠΙ, 1,
1.1111,11,98.11031137.149,

Mamas Ι, 1, 4. 2, 67
Μ55551, 2, 51. ΙΙ, 4, 55.
Μ5151111111111,1Π 1, 1120.
1151510111ΙΙΠ,11,1100,
Μ5111111111511,17, 28.
Messalla, M, 117510τὶ81, Oor·
0111111,Ι11,533,..1565,,31
7 71111,131. 33, 5,118. 1111,
115115111111111, 5,17.115.
Μ1115115Ι,4,1126Π,1,65.
1510111111 6, 41.
1101010115011151, 1,13.
Mopso 11111, 7, 1154

Mors ,11015115
MusaI, 4, 65. 67. ΙΙ, 4, 15.
11811 ΠΙ, 6, 57. ·
118151111151511. 110011, 7, 63.
ΙΙ,12,1.,,,.2111115186,1,
115100151Π, 1, 6. 231, 2, 18. 218.
3,..,123451,606,218.
1151155111, 3, 51. 81. 4, 59. 5,
111. 6, 27.

115815111511111, 1, 56.
115151111Π11,58111515111,5,
8511011111, 1, 48.
Ν111111,7,122.123. ΠΙΙ, 1,140.
11115111 4, 63.

11051111, 51, 351114, 86.
1101111, 1,1.1,1,1.187ΙΙ417
11111111011111 ΙΙ, 5, 413.
0055111111, 71101111, 1,147,
05151Π, 41, 211.

0181118011, 6, 831111, 1,18.
131. 2,13. ·

Op 81, 4, 88.

01101111 111, 3, 38.

0111111, 71, 217. 29. 43.
Ρ55551111Ι11Π, 1, 145.
Ρ515511111111117118.
Ρ515111111111, 15125.
Ρ111151Ι 1, 316. 111, 5, 28. Palilia

 

